" ",Blocker,Critical,Major,Minor,Trivial,All
Blokcer,0,1019,1480,298,29,2826
Critical,1419,0,1789,370,19,3597
Major,3755,4266,0,4383,342,12746
Minor,209,312,988,0,168,1677
Trivial,15,15,72,267,0,369
All,5398,5612,4329,5318,558,21215
